LINF-[test.cpp: 39]-[2025-07-30 09:49:16] nice 98 9.200000
LDBG-[test.cpp: 40]-[2025-07-30 09:49:16] nice 98 9.200000
LDBG-[test.cpp: 41]-[2025-07-30 09:49:16] nice 98 9.200000
LERR-[test.cpp: 42]-[2025-07-30 09:49:16] nice 98 9.200000
LINF-[test.cpp: 40]-[2025-07-30 09:50:44] nice 98 9.200000
LDBG-[test.cpp: 41]-[2025-07-30 09:50:44] nice 98 9.200000
LDBG-[test.cpp: 42]-[2025-07-30 09:50:44] nice 98 9.200000
LERR-[test.cpp: 43]-[2025-07-30 09:50:44] nice 98 9.200000
